   5.28266668         0.00000000    
   5.28800011         0.00000000    
   5.29333305         0.00000000    
   5.29866695         0.00000000    
   5.30399990         0.00000000    
   5.30933332         0.00000000    
   5.31466675         0.00000000    
   5.31999969         0.00000000    
   5.32533360         0.00000000    
   5.33066654         0.00000000    
   5.33599997         100.000000    
   5.34133339         0.00000000    
   5.34666634         0.00000000    
   5.35200024         0.00000000    
   5.35733318         0.00000000    
   5.36266708         0.00000000    
   5.36800003         0.00000000    
   5.37333298         0.00000000    
   5.37866688         0.00000000    
   5.38399982         0.00000000    
